t	x(t)	y(t)
0.0	40.0	60.0
0.06578947368421052	40.03276412019767	60.03100927148755
0.13157894736842105	40.065267007106485	60.058247612266
0.19736842105263158	40.097508660726426	60.08171502233534
0.2631578947368421	40.1294890810575	60.101411501695566
0.3289473684210526	40.16120826809972	60.1173370503467
0.3947368421052631	40.19266622185307	60.129491668288715
0.4605263157894736	40.22386294231755	60.13787535552163
0.5263157894736842	40.25479842949317	60.142488112045434
0.5921052631578947	40.28547268337992	60.14332993786013
0.6578947368421052	40.31588570397781	60.140400832965724
0.7236842105263157	40.346037491286836	60.13370079736221
0.7894736842105262	40.37592804530699	60.123229831049585
0.8552631578947367	40.405557366038295	60.108987934027866
0.9210526315789472	40.43492545348072	60.09097510629703
0.9868421052631577	40.46403230763429	60.06919134785709
1.0526315789473684	40.49287792849899	60.043636658708046
1.118421052631579	40.521462316074825	60.01431103884989
1.1842105263157896	40.5497854703618	59.98121448828263
1.2500000000000002	40.5778473913599	59.944347007006265
1.3157894736842108	40.60564807906914	59.90370859502079
1.3815789473684215	40.63318753348952	59.85929925232622
1.447368421052632	40.66046575462103	59.81111897892253
1.5131578947368427	40.68748274246368	59.75916777480974
1.5789473684210533	40.71423849701746	59.703445639987834
1.644736842105264	40.74073301828238	59.643952574456826
1.7105263157894746	40.76696630625843	59.58068857821672
1.7763157894736852	40.79293836094562	59.5136536512675
1.8421052631578958	40.81864918234394	59.44284779360917
1.9078947368421064	40.8440987704534	59.368271005241745
1.973684210526317	40.86928712527399	59.289923286165205
2.0394736842105274	40.89421424680572	59.20780463637956
2.105263157894738	40.91888013504858	59.121915055884806
2.1710526315789487	40.94328479000258	59.032254544680946
2.2368421052631593	40.967428211667716	58.938823102767984
2.30263157894737	40.991310400043986	58.84162073014591
2.3684210526315805	41.01493135513139	58.74064742681473
2.434210526315791	41.03829107692993	58.63590319277445
2.5000000000000018	41.061389565439605	58.52738802802506
2.5657894736842124	41.08422682066042	58.415101932566564
2.631578947368423	41.10680284259236	58.299044906398954
2.6973684210526336	41.12911763123544	58.17921694952224
2.7631578947368443	41.15117118658966	58.05561806193643
2.828947368421055	41.172963508655	57.928248243641505
2.8947368421052655	41.194494597431486	57.79710749463747
2.960526315789476	41.21582469894876	57.66219581492434
3.0263157894736867	41.23734545894781	57.523513204502095
3.0921052631578974	41.25912745223573	57.38105966337074
3.157894736842108	41.281170678812515	57.23483519153029
3.2236842105263186	41.30347513867816	57.08483978898072
3.289473684210529	41.32604083183268	56.93107345572206
3.35526315789474	41.34886775827606	56.773536191754275
3.4210526315789505	41.3719559180083	56.61222799707739
3.486842105263161	41.395305311029404	56.447148871691404
3.5526315789473717	41.41891593733938	56.27829881559631
3.6184210526315823	41.44278779693822	56.10567782879211
3.684210526315793	41.46692088982592	55.9292859112788
3.7500000000000036	41.491315216002484	55.74912306305637
3.815789473684214	41.51597077546793	55.565189284124855
3.881578947368425	41.54088756822222	55.37748457448423
3.9473684210526354	41.56606559426538	55.18600893413449
4.013157894736846	41.591504853597414	54.990762363075646
4.078947368421057	41.617205346218306	54.7917448613077
4.144736842105267	41.64316707212806	54.58895642883064
4.210526315789478	41.66939003132668	54.38239706564448
4.2763157894736885	41.695874223814165	54.172066771749215
4.342105263157899	41.72261964959052	53.957965547144845
4.40789473684211	41.749626308655735	53.74009339183136
4.47368421052632	41.77689420100981	53.51845030580876
4.539473684210531	41.80442332665276	53.29303628907708
4.605263157894742	41.83221368558457	53.06385134163627
4.671052631578952	41.86026527780525	52.83089546348637
4.736842105263163	41.888578103314785	52.59416865462735
4.8026315789473735	41.91715216211319	52.353670915059226
4.868421052631584	41.945987454200456	52.109402244782004
4.934210526315795	41.975083979576596	51.861362643795665
5.000000000000005	42.004441738241596	51.609552112100225
5.065789473684216	42.03406073019546	51.35397064969568
5.131578947368427	42.06394095543819	51.094618256582024
5.197368421052637	42.09408241396979	50.831494932759256
5.263157894736848	42.12448510579024	50.5646006782274
5.328947368421058	42.155149030899565	50.29393549298642
5.394736842105269	42.186074189297756	50.01949937703635
5.46052631578948	42.21726058098481	49.741292330377156
5.52631578947369	42.248708205960725	49.45931435300886
5.592105263157901	42.2804170642255	49.17356544493146
5.6578947368421115	42.312387155779156	48.88404560614495
5.723684210526322	42.34461848062166	48.590754836649346
5.789473684210533	42.37711103875304	48.293693136444624
5.855263157894743	42.409864830173284	47.99286050553079
5.921052631578954	42.44287985488239	47.68825694390787
5.986842105263165	42.47615611288036	47.379882451575824
6.052631578947375	42.509693604167204	47.06773702853467
6.118421052631586	42.54349232874291	46.751820674784426
6.1842105263157965	42.57755228660747	46.43213339032506
6.250000000000007	42.6118734777609	46.10867517515659
6.315789473684218	42.64645590220319	45.781446029279024
6.381578947368428	42.68129955993436	45.45044595269235
6.447368421052639	42.71640445095438	45.11567494539656
6.51315789473685	42.75177057526327	44.77713300739167
6.57894736842106	42.787397932861026	44.434820138677665
6.644736842105271	42.82328652374765	44.08873633925457
6.710526315789481	42.85943634792313	43.73888160912236
6.776315789473692	42.89584740538748	43.38525594828104
6.842105263157903	42.932519696140695	43.027859356730616
6.907894736842113	42.96945322018277	42.668282441892366
6.973684210526324	43.006647977513715	42.31201311128733
7.0394736842105345	43.04410396813353	41.9595147113914
7.105263157894745	43.081821192042206	41.61078724220458
7.171052631578956	43.119799649239745	41.26583070372686
7.236842105263166	43.158039339726145	40.92464509595826
7.302631578947377	43.19654026350141	40.587230418898756
7.368421052631588	43.235302420565546	40.253586672548366
7.434210526315798	43.27432581091854	39.92371385690708
7.500000000000009	43.3136104345604	39.59761197197489
7.5657894736842195	43.35315629149113	39.27528101775182
7.63157894736843	43.39296338171072	38.956720994237855
7.697368421052641	43.43303170521918	38.64193190143299
7.763157894736851	43.4733612620165	38.330913739337234
7.828947368421062	43.51395205210269	38.02366650795059
7.894736842105273	43.55480407547774	37.72019020727304
7.960526315789483	43.59591733214165	37.42048483730461
8.026315789473694	43.63729182209443	37.12455039804528
8.092105263157904	43.67892754533608	36.83238688949506
8.157894736842115	43.720824501866595	36.54399431165394
8.223684210526326	43.76298269168597	36.259372664521926
8.289473684210536	43.80540211479421	35.97852194809903
8.355263157894747	43.848082771191315	35.701442162385234
8.421052631578958	43.891024660877285	35.42813330738055
8.486842105263168	43.93422778385212	35.15859538308496
8.552631578947379	43.97769214011582	34.89282838949849
8.61842105263159	44.021417729668386	34.63083232662111
8.6842105263158	44.06540455250981	34.37260719445285
8.75000000000001	44.109652608640104	34.11815299299369
8.815789473684221	44.154161898059265	33.86746972224364
8.881578947368432	44.198932420767285	33.620557382202705
8.947368421052643	44.24396417676417	33.377415972870864
9.013157894736853	44.28925716604993	33.13804549424813
9.078947368421064	44.334811388624544	32.90244594633451
9.144736842105274	44.380626844488035	32.67061732912999
9.210526315789485	44.426703533640385	32.442559642634585
9.276315789473696	44.473041456081596	32.218272886848276
9.342105263157906	44.519640611811674	31.997757061771082
9.407894736842117	44.56650100083061	31.781012167402988
9.473684210526327	44.61362262313842	31.568038203744003
9.539473684210538	44.66100547873509	31.358835170794126
9.605263157894749	44.708649567620625	31.153403068553356
9.67105263157896	44.75655488979503	30.95174189702169
9.73684210526317	44.804721445258295	30.75385165619913
9.80263157894738	44.853149234010424	30.55973234608568
9.868421052631591	44.90183825605142	30.369383966681337
9.934210526315802	44.95078851138128	30.182806517986098
10.0	45.0	30.0
10.074074074074074	45.05600943768849	29.79569060686592
10.148148148148149	45.112926639642836	29.590169834871098
10.222222222222223	45.17075160586304	29.383437684015526
10.296296296296298	45.22948433634911	29.17549415429921
10.370370370370372	45.28912483110104	28.96633924572214
10.444444444444446	45.349673090118834	28.755972958284325
10.51851851851852	45.41112911340249	28.54439529198577
10.592592592592595	45.473492900951996	28.33160624682646
10.66666666666667	45.53676445276737	28.117605822806404
10.740740740740744	45.60094376884861	27.902394019925605
10.814814814814818	45.66603084919571	27.68597083818406
10.888888888888893	45.732025693808666	27.468336277581763
10.962962962962967	45.798928302687486	27.249490338118722
11.037037037037042	45.86673867583216	27.029433019794933
11.111111111111116	45.9354568132427	26.8081643226104
11.18518518518519	46.005082714919105	26.585684246565116
11.259259259259265	46.07561638086137	26.361992791659084
11.33333333333334	46.147057811069494	26.13708995789231
11.407407407407414	46.219407005543474	25.910975745264786
11.481481481481488	46.29266396428333	25.683650153776515
11.555555555555562	46.366828687289036	25.455113183427496
11.629629629629637	46.441901174560606	25.225364834217732
11.703703703703711	46.517881426098036	24.994405106147223
11.777777777777786	46.59476944190133	24.76223399921596
11.85185185185186	46.67256522197047	24.528851513423955
11.925925925925934	46.751268766305486	24.294257648771207
12.000000000000009	46.83088007490636	24.058452405257707
12.074074074074083	46.911399147773096	23.82143578288346
12.148148148148158	46.99282598490569	23.58320778164847
12.222222222222232	47.07516058630414	23.34439263653422
12.296296296296306	47.15840295196846	23.106692434475054
12.370370370370381	47.24255308189864	22.870203611276633
12.444444444444455	47.32761097609468	22.63492616693896
12.51851851851853	47.41357663455659	22.40086010146203
12.592592592592604	47.50045005728435	22.168005414845847
12.666666666666679	47.58823124427797	21.936362107090414
12.740740740740753	47.676920195537456	21.70593017819573
12.814814814814827	47.7665169110628	21.47670962816179
12.888888888888902	47.85702139085401	21.248700456988594
12.962962962962976	47.94843363491107	21.021902664676148
13.03703703703705	48.040753643234	20.79631625122445
13.111111111111125	48.13398141582279	20.571941216633498
13.1851851851852	48.228116952677446	20.34877756090329
13.259259259259274	48.32316025379796	20.126825284033835
13.333333333333348	48.41911131918433	19.906084386025125
13.407407407407423	48.51597014883656	19.68655486687716
13.481481481481497	48.613736742754654	19.46823672658994
13.555555555555571	48.71241110093861	19.25112996516347
13.629629629629646	48.81199322338843	19.03523458259775
13.70370370370372	48.912483110104105	18.82055057889277
13.777777777777795	49.013880761085645	18.607077954048542
13.851851851851869	49.116186176333045	18.394816708065058
13.925925925925943	49.219399355846306	18.183766840942326
14.000000000000018	49.32352029962543	17.973928352680336
14.074074074074092	49.42854900767041	17.765301243279094
14.148148148148167	49.53398827504731	17.5578855127386
14.222222222222241	49.63858110325073	17.351681161058853
14.296296296296315	49.7422661671883	17.14668818823985
14.37037037037039	49.84504346686	16.942906594281595
14.444444444444464	49.94691300226584	16.74033637918409
14.518518518518539	50.04787477340582	16.538977542947332
14.592592592592613	50.14792878027994	16.338830085571317
14.666666666666687	50.2470750228882	16.13989400705605
14.740740740740762	50.3453135012306	15.942169307401532
14.814814814814836	50.44264421530714	15.745655986607762
14.88888888888891	50.539067165117814	15.550354044674735
14.962962962962985	50.634582350662626	15.356263481602458
15.03703703703706	50.729189771941584	15.163384297390927
15.111111111111134	50.822889428954674	14.971716492040143
15.185185185185208	50.9156813217019	14.781260065550105
15.259259259259283	51.00756545018327	14.592015017920815
15.333333333333357	51.098541814398786	14.403981349152271
15.407407407407431	51.18861041434844	14.217159059244477
15.481481481481506	51.277771250032224	14.031548148197427
15.55555555555558	51.366024321450155	13.847148616011124
15.629629629629655	51.45336962860222	13.66396046268557
15.703703703703729	51.53980717148842	13.481983688220762
15.777777777777803	51.62533695010876	13.3012182926167
15.851851851851878	51.70995896446325	13.121664275873384
15.925925925925952	51.793673214551866	12.943321637990817
16.000000000000025	51.876479700374624	12.766190378969
16.074074074074097	51.95837842193152	12.590270498807932
16.14814814814817	52.03936937922256	12.41556199750761
16.222222222222243	52.11945257224774	12.242064875068033
16.296296296296315	52.19862800100705	12.069779131489206
16.370370370370388	52.276895665500504	11.898704766771123
16.44444444444446	52.354255565728096	11.728841780913788
16.518518518518533	52.43070770168982	11.5601901739172
16.592592592592606	52.506252073385696	11.39274994578136
16.66666666666668	52.580888680815704	11.226521096506264
16.74074074074075	52.65461752397985	11.061503626091918
16.814814814814824	52.72743860287814	10.897697534538318
16.888888888888896	52.79935191751056	10.735102821845464
16.96296296296297	52.87035746787713	10.573719488013358
17.03703703703704	52.94045525397784	10.413547533041998
17.111111111111114	53.00964527581268	10.254586956931385
17.185185185185187	53.07792753338166	10.09683775968152
17.25925925925926	53.14530202668478	9.940299941292402
17.333333333333332	53.21176875572204	9.784973501764028
17.407407407407405	53.27732772049344	9.630858441096404
17.481481481481477	53.34197892099898	9.477954759289526
17.55555555555555	53.40572235723866	9.326262456343395
17.629629629629623	53.468558029212474	9.17578153225801
17.703703703703695	53.53048593692043	9.026511987033373
17.777777777777768	53.59150608036252	8.878453820669483
17.85185185185184	53.65161845953876	8.73160703316634
17.925925925925913	53.71082307444913	8.585971624523943
17.999999999999986	53.76911992509364	8.441547594742293
18.07407407407406	53.82650901147229	8.29833494382139
18.14814814814813	53.88299033358508	8.156333671761233
18.222222222222204	53.938563891432004	8.015543778561824
18.296296296296276	53.99322968501308	7.875965264223162
18.37037037037035	54.04698771432828	7.7375981287452475
18.44444444444442	54.099837979377625	7.600442372128079
18.518518518518494	54.15178048016111	7.464497994371658
18.592592592592567	54.20281521667873	7.329764995475983
18.66666666666664	54.25294218893049	7.196243375441056
18.740740740740712	54.3021613969164	7.0639331342668745
18.814814814814785	54.350472840636435	6.932834271953441
18.888888888888857	54.39787652009061	6.802946788500754
18.96296296296293	54.44437243527893	6.674270683908814
19.037037037037003	54.489960586201384	6.546805958177621
19.111111111111075	54.534640972857986	6.420552611307175
19.185185185185148	54.57841359524872	6.295510643297476
19.25925925925922	54.62127845337359	6.171680054148523
19.333333333333293	54.6632355472326	6.049060843860318
19.407407407407366	54.70428487682575	5.9276530124328595
19.48148148148144	54.74442644215304	5.807456559866148
19.55555555555551	54.783660243214484	5.688471486160183
19.629629629629584	54.82198628001005	5.570697791314966
19.703703703703656	54.85940455253976	5.454135475330494
19.77777777777773	54.8959150608036	5.33878453820677
19.8518518518518	54.93151780480159	5.224644979943793
19.925925925925874	54.96621278453371	5.111716800541563
20.0	55.0	5.0
20.4	55.17035019380136	4.428142135623733
20.799999999999997	55.32140077520545	3.9125685424949275
21.199999999999996	55.45315174421225	3.453279220613583
21.599999999999994	55.565603100821775	3.0502741699797005
21.999999999999993	55.65875484503403	2.7035533905932794
22.39999999999999	55.732606976849006	2.41311688245432
22.79999999999999	55.787159496266696	2.1789646455628215
23.19999999999999	55.82241240328712	2.0010966799187853
23.599999999999987	55.838365697910255	1.8795129855222101
23.999999999999986	55.83501938013612	1.8142135623730966
24.399999999999984	55.812373449964696	1.8051984104714442
24.799999999999983	55.770427907396005	1.852467529817254
25.19999999999998	55.70918275243004	1.9560209204105252
25.59999999999998	55.62863798506679	2.094801589528549
25.99999999999998	55.52879360530626	2.185786437626901
26.399999999999977	55.40964961314846	2.220487014477792
26.799999999999976	55.27120600859338	2.198903320081222
27.199999999999974	55.11346279164103	2.1210353544371903
27.599999999999973	54.93641996229139	1.9868831175456967
27.99999999999997	54.74124515496599	1.7964466094067417
28.39999999999997	54.55439689917823	1.5497258300203254
28.79999999999997	54.38684825578777	1.2467207793864472
29.199999999999967	54.23859922479457	0.8874314575051079
29.599999999999966	54.10964980619865	0.4718578643763069
30.0	54.0	0.0
30.098039215686274	53.97533467570273	-0.12477014044844548
30.19607843137255	53.950358310654075	-0.2539825225780965
30.294117647058822	53.925070904854024	-0.3876371463889531
30.392156862745097	53.89947245830258	-0.5257340118810152
30.49019607843137	53.873562970999735	-0.6682731190542829
30.588235294117645	53.847342442945504	-0.8152544679087561
30.68627450980392	53.82081087413987	-0.9666780584444348
30.784313725490193	53.79396826458285	-1.1225438906613192
30.882352941176467	53.76681461427444	-1.282851964559409
30.98039215686274	53.73934992321463	-1.4476022801387043
31.078431372549016	53.71157419140343	-1.6167948373992054
31.17647058823529	53.683487418840826	-1.7904296363409118
31.274509803921564	53.65508960552684	-1.9685066769638238
31.37254901960784	53.62638075146146	-2.1510259592679413
31.470588235294112	53.597360856644684	-2.3379874832532646
31.568627450980387	53.568029921076516	-2.529391248919793
31.66666666666666	53.53838794475695	-2.7252372562675276
31.764705882352935	53.50843492768599	-2.9255255052964673
31.86274509803921	53.47817086986364	-3.1302559960066128
31.960784313725483	53.4475957712899	-3.3394287283979636
32.05882352941176	53.41670963196475	-3.5530437024705277
32.15686274509804	53.38551245188822	-3.771100918224298
32.254901960784316	53.354004231060294	-3.9936003756592737
32.352941176470594	53.32218496948097	-4.220542074775456
32.45098039215687	53.29005466715026	-4.451926015572844
32.54901960784315	53.25761332406815	-4.687752198051437
32.64705882352943	53.22486094023465	-4.928020622211236
32.745098039215705	53.19179751564975	-5.172731288052242
32.84313725490198	53.15842305031346	-5.421884195574453
32.94117647058826	53.12473754422578	-5.6754793447778695
33.03921568627454	53.0907409973867	-5.933516735662494
33.137254901960816	53.05643340979623	-6.195996368228322
33.23529411764709	53.02181478145437	-6.462918242475356
33.33333333333337	52.98688511236111	-6.734282358403597
33.43137254901965	52.95164440251646	-7.010088716013044
33.52941176470593	52.916092651920415	-7.290337315303695
33.627450980392204	52.880229860572975	-7.575028156275554
33.72549019607848	52.84405602847414	-7.864161238928618
33.82352941176476	52.80757115562392	-8.157736563262887
33.92156862745104	52.77077524202229	-8.455754129278363
34.019607843137315	52.733668287669275	-8.758213936975045
34.11764705882359	52.69625029256487	-9.065115986352932
34.21568627450987	52.65852125670907	-9.376121491116805
34.31372549019615	52.620481180101876	-9.685012237310474
34.411764705882426	52.58213006274329	-9.989460741822938
34.509803921568704	52.5434679046333	-10.289467004654199
34.60784313725498	52.50449470577193	-10.585031025804252
34.70588235294126	52.46521046615916	-10.876152805273097
34.80392156862754	52.425615185794996	-11.162832343060739
34.901960784313815	52.38570886467944	-11.445069639167174
35.00000000000009	52.34549150281249	-11.722864693592404
35.09803921568637	52.30496310019415	-11.996217506336428
35.19607843137265	52.2641236568244	-12.265128077399247
35.294117647058926	52.22297317270328	-12.529596406780858
35.3921568627452	52.18151164783075	-12.789622494481264
35.49019607843148	52.13973908220682	-13.045206340500464
35.58823529411776	52.097655475831516	-13.296347944838459
35.686274509804036	52.05526082870481	-13.543047307495247
35.784313725490314	52.01255514082671	-13.78530442847083
35.88235294117659	51.96953841219722	-14.023119307765207
35.98039215686287	51.92621064281632	-14.256491945378377
36.07843137254915	51.88257183268404	-14.485422341310342
36.176470588235425	51.83862198180037	-14.7099104955611
36.2745098039217	51.794361090165296	-14.929956408130654
36.37254901960798	51.749789157778835	-15.145560079019
36.47058823529426	51.70490618464098	-15.356721508226144
36.568627450980536	51.65971217075173	-15.563440695752078
36.66666666666681	51.614207116111096	-15.765717641596808
36.76470588235309	51.56839102071905	-15.963552345760332
36.86274509803937	51.52226388457562	-16.15694480824265
36.96078431372565	51.4758257076808	-16.345895029043763
37.058823529411924	51.429076490034575	-16.53040300816367
37.1568627450982	51.38201623163697	-16.71046874560237
37.25490196078448	51.33464493248796	-16.886092241359865
37.35294117647076	51.286962592587564	-17.057273495436153
37.450980392157035	51.23896921193577	-17.224012507831237
37.54901960784331	51.19066479053258	-17.386309278545113
37.64705882352959	51.142049328378	-17.54416380757778
37.74509803921587	51.09312282547203	-17.69757609492925
37.843137254902146	51.04388528181465	-17.846546140599507
37.941176470588424	50.99433669740589	-17.99107394458856
38.0392156862747	50.94447707224574	-18.13115950689641
38.13725490196098	50.89437814974411	-18.26680282752305
38.23529411764726	50.8445062487845	-18.398003906468485
38.333333333333535	50.79494538857628	-18.524762743732715
38.43137254901981	50.74569556911946	-18.64707933931574
38.52941176470609	50.69675679041404	-18.76495369321756
38.62745098039237	50.64812905246001	-18.87838580543817
38.725490196078646	50.59981235525737	-18.987375675977578
38.82352941176492	50.55180669880612	-19.091923304835777
38.9215686274512	50.50411208310627	-19.192028692012773
39.01960784313748	50.45672850815781	-19.28769183750856
39.117647058823756	50.409655973960746	-19.378912741323145
39.215686274510034	50.36289448051508	-19.46569140345652
39.31372549019631	50.3164440278208	-19.548027823908694
39.41176470588259	50.27030461587792	-19.62592200267966
39.50980392156887	50.22447624468643	-19.69937393976942
39.607843137255145	50.17895891424633	-19.768383635177972
39.70588235294142	50.13375262455763	-19.832951088905318
39.8039215686277	50.08885737562032	-19.89307630095146
39.90196078431398	50.04427316743441	-19.948759271316398
40.0	50.0	-20.0
40.17857142857143	49.921493357015585	-20.0797193877551
40.35714285714286	49.846687713776646	-20.14030612244898
40.53571428571429	49.77558307028316	-20.181760204081634
40.71428571428572	49.70817942653514	-20.20408163265306
40.89285714285715	49.644476782532585	-20.207270408163264
41.071428571428584	49.5844751382755	-20.191326530612244
41.250000000000014	49.52817449376387	-20.156249999999996
41.428571428571445	49.47557484899771	-20.102040816326525
41.607142857142875	49.42667620397702	-20.028698979591827
41.785714285714306	49.38147855870178	-19.936224489795908
41.96428571428574	49.33998191317201	-19.82461734693876
42.14285714285717	49.30218626738771	-19.69387755102039
42.3214285714286	49.26809162134887	-19.544005102040792
42.50000000000003	49.23769797505549	-19.37499999999997
42.67857142857146	49.21073828536585	-19.186862244897924
42.85714285714289	49.18205734648572	-18.979591836734656
43.03571428571432	49.14967540786013	-18.753188775510157
43.21428571428575	49.11359246948908	-18.50765306122444
43.39285714285718	49.073808531372556	-18.242984693877492
43.57142857142861	49.03032359351057	-17.959183673469322
43.75000000000004	48.98313765590312	-17.656249999999925
43.92857142857147	48.93225071855021	-17.334183673469305
44.107142857142904	48.87766278145183	-16.99298469387746
44.285714285714334	48.819373844607995	-16.63265306122439
44.464285714285765	48.75738390801869	-16.253188775510093
44.642857142857196	48.69169297168391	-15.854591836734574
44.821428571428626	48.622301035603684	-15.436862244897828
45.00000000000006	48.549208099777985	-14.999999999999858
45.17857142857149	48.47241416420682	-14.563137755101899
45.35714285714292	48.39191922889019	-14.145408163265166
45.53571428571435	48.3077232938281	-13.746811224489658
45.71428571428578	48.219826359020544	-13.367346938775377
45.89285714285721	48.12822842446752	-13.007015306122318
46.07142857142864	48.03292949016904	-12.665816326530484
46.25000000000007	47.933929556125086	-12.343749999999876
46.4285714285715	47.83122862233567	-12.040816326530493
46.60714285714293	47.724826688800796	-11.757015306122334
46.78571428571436	47.61472375552045	-11.4923469387754
46.96428571428579	47.500919822494645	-11.246811224489692
47.142857142857224	47.383414889723376	-11.020408163265207
47.321428571428655	47.26220895720664	-10.813137755101948
47.500000000000085	47.13730202494444	-10.624999999999915
47.678571428571516	47.00869409293678	-10.455994897959105
47.85714285714295	46.87638516118365	-10.306122448979522
48.03571428571438	46.74037522968506	-10.175382653061163
48.21428571428581	46.600664298440996	-10.063775510204028
48.39285714285724	46.457252367451474	-9.971301020408118
48.57142857142867	46.31013943671649	-9.897959183673434
48.7500000000001	46.15932550623604	-9.843749999999975
48.92857142857153	46.00481057601012	-9.80867346938774
49.10714285714296	45.846594646038746	-9.79272959183673
49.28571428571439	45.6846777163219	-9.795918367346946
49.46428571428582	45.51905978685959	-9.818239795918387
49.64285714285725	45.349740857651824	-9.859693877551052
49.82142857142868	45.176720928698586	-9.920280612244941
50.0	45.0	-10.0
50.08	44.91950701778719	-10.042251370849897
50.16	44.83802807114875	-10.089005483399593
50.239999999999995	44.755563160084684	-10.140262337649084
50.31999999999999	44.672112284594995	-10.19602193359837
50.39999999999999	44.587675444679675	-10.256284271247456
50.47999999999999	44.502252640338725	-10.321049350596336
50.55999999999999	44.41584387157215	-10.390317171645014
50.639999999999986	44.32844913837995	-10.46408773439349
50.719999999999985	44.24006844076212	-10.542361038841761
50.79999999999998	44.15070177871867	-10.625137084989829
50.87999999999998	44.06034915224959	-10.712415872837695
50.95999999999998	43.969010561354885	-10.804197402385357
51.03999999999998	43.87668600603455	-10.900481673632815
51.119999999999976	43.78337548628859	-11.00126868658007
51.199999999999974	43.689079002117	-11.106558441227122
51.27999999999997	43.59379655351979	-11.216350937573973
51.35999999999997	43.49752814049694	-11.330646175620618
51.43999999999997	43.400273763048475	-11.44944415536706
51.51999999999997	43.30203342117438	-11.5727448768133
51.599999999999966	43.20280711487465	-11.700548339959335
51.679999999999964	43.1025948441493	-11.832854544805167
51.75999999999996	43.00139660899833	-11.969663491350797
51.83999999999996	42.89921240942172	-12.110975179596224
51.91999999999996	42.79604224541949	-12.256789609541446
51.99999999999996	42.69188611699164	-12.407106781186467
52.079999999999956	42.586744024138156	-12.561926694531284
52.159999999999954	42.48061596685904	-12.721249349575896
52.23999999999995	42.3735019451543	-12.885074746320306
52.31999999999995	42.26540195902394	-13.053402884764512
52.39999999999995	42.15631600846795	-13.226233764908518
52.47999999999995	42.04624409348633	-13.403567386752316
52.559999999999945	41.93518621407908	-13.585403750295914
52.639999999999944	41.82314237024621	-13.771742855539308
52.71999999999994	41.710112561987714	-13.962584702482498
52.79999999999994	41.59609678930359	-14.157929291125486
52.87999999999994	41.48109505219383	-14.35777662146827
52.95999999999994	41.36510735065845	-14.562126693510852
53.039999999999935	41.24813368469744	-14.770979507253228
53.11999999999993	41.13017405431081	-14.984335062695404
53.19999999999993	41.01122845949855	-15.202193359837374
53.27999999999993	40.89129690026066	-15.424554398679142
53.35999999999993	40.77037937659715	-15.651418179220707
53.43999999999993	40.648475888508	-15.882784701462068
53.519999999999925	40.52558643599324	-16.118653965403226
53.59999999999992	40.40171101905284	-16.359025971044183
53.67999999999992	40.27684963768682	-16.603900718384935
53.75999999999992	40.15100229189517	-16.853278207425483
53.83999999999992	40.024168981677896	-17.107158438165825
53.919999999999916	39.89634970703499	-17.36554141060597
53.999999999999915	39.76754446796646	-17.628427124745908
54.07999999999991	39.63775326447231	-17.895815580585644
54.15999999999991	39.50697609655252	-18.167706778125176
54.23999999999991	39.37521296420711	-18.444100717364506
54.31999999999991	39.24246386743607	-18.724997398303632
54.399999999999906	39.10872880623941	-19.010396820942553
54.479999999999905	38.97400778061712	-19.300298985281273
54.5599999999999	38.8383007905692	-19.59470389131979
54.6399999999999	38.701607836095654	-19.8936115390581
54.7199999999999	38.563928917196485	-20.193028577841865
54.7999999999999	38.425264033871684	-20.48795815917856
54.879999999999896	38.28561318612126	-20.77838499881547
54.959999999999894	38.144976373945205	-21.064309096752574
55.03999999999989	38.003353597343526	-21.345730452989883
55.11999999999989	37.860744856316224	-21.622649067527398
55.19999999999989	37.71715015086329	-21.89506494036511
55.27999999999989	37.572569480984725	-22.16297807150303
55.359999999999886	37.42700284668054	-22.426388460941155
55.439999999999884	37.280450247950725	-22.68529610867948
55.51999999999988	37.13291168479529	-22.939701014718008
55.59999999999988	36.984387157214215	-23.18960317905674
55.67999999999988	36.834876665207524	-23.435002601695675
55.75999999999988	36.6843802087752	-23.675899282634816
55.839999999999876	36.53302390344786	-23.912293221874155
55.919999999999874	36.38224673552807	-24.1441844194137
55.99999999999987	36.23245553203391	-24.37157287525345
56.07999999999987	36.08365029296538	-24.5944585893934
56.15999999999987	35.93583101832248	-24.812841561833558
56.23999999999987	35.7889977081052	-25.026721792573916
56.319999999999865	35.64315036231354	-25.236099281614475
56.399999999999864	35.49828898094752	-25.44097402895524
56.47999999999986	35.35441356400713	-25.641346034596207
56.55999999999986	35.21152411149235	-25.83721529853738
56.63999999999986	35.06962062340321	-26.028581820778754
56.71999999999986	34.92870309973969	-26.21544560132033
56.799999999999855	34.788771540501806	-26.397806640162113
56.87999999999985	34.64982594568954	-26.575664937304097
56.95999999999985	34.5118663153029	-26.749020492746283
57.03999999999985	34.374892649341895	-26.917873306488673
57.11999999999985	34.23890494780652	-27.082223378531268
57.19999999999985	34.10390321069676	-27.242070708874063
57.279999999999845	33.96988743801263	-27.397415297517064
57.35999999999984	33.83685762975413	-27.54825714446027
57.43999999999984	33.70481378592126	-27.694596249703675
57.51999999999984	33.57375590651401	-27.836432613247286
57.59999999999984	33.44368399153238	-27.973766235091098
57.679999999999836	33.31459804097639	-28.106597115235115
57.759999999999835	33.18649805484603	-28.234925253679332
57.83999999999983	33.059384033141285	-28.358750650423758
57.91999999999983	32.93325597586217	-28.47807330546838
57.99999999999983	32.80811388300869	-28.592893218813213
58.07999999999983	32.68395775458083	-28.703210390458246
58.159999999999826	32.56078759057859	-28.80902482040348
58.239999999999824	32.43860339100198	-28.91033650864892
58.31999999999982	32.317405155851006	-29.00714545519456
58.39999999999982	32.19719288512566	-29.09945166004041
58.47999999999982	32.07796657882593	-29.187255123186457
58.55999999999982	31.959726236951834	-29.27055584463271
58.639999999999816	31.842471859503362	-29.349353824379165
58.719999999999814	31.72620344648052	-29.423649062425824
58.79999999999981	31.6109209978833	-29.493441558772684
58.87999999999981	31.49662451371171	-29.55873131341975
58.95999999999981	31.383313993965746	-29.619518326367018
59.03999999999981	31.270989438645408	-29.67580259761449
59.119999999999806	31.1596508477507	-29.727584127162164
59.199999999999804	31.049298221281617	-29.774862915010043
59.2799999999998	30.93993155923816	-29.817638961158124
59.3599999999998	30.831550861620332	-29.855912265606406
59.4399999999998	30.724156128428127	-29.889682828354896
59.5199999999998	30.617747359661553	-29.918950649403588
59.599999999999795	30.512324555320607	-29.94371572875248
59.679999999999794	30.407887715405284	-29.963978066401577
59.75999999999979	30.30443683991559	-29.97973766235088
59.83999999999979	30.20197192885152	-29.99099451660038
59.91999999999979	30.10049298221308	-29.997748629150088
60.0	30.0	-30.0
60.089285714285715	29.888633431676734	-29.998075403728976
60.17857142857143	29.777748012421224	-29.992301614915903
60.267857142857146	29.667343742233474	-29.98267863356078
60.35714285714286	29.557420621113472	-29.969206459663607
60.44642857142858	29.44797864906123	-29.951885093224387
60.53571428571429	29.339017826076745	-29.93071453424312
60.62500000000001	29.23053815216002	-29.9056947827198
60.71428571428572	29.122539627311042	-29.87682583865443
60.80357142857144	29.015022251529825	-29.844107702047015
60.89285714285715	28.907986024816367	-29.80754037289755
60.98214285714287	28.80143094717066	-29.767123851206033
61.071428571428584	28.695357018592713	-29.72285813697247
61.1607142857143	28.589764239082516	-29.674743230196857
61.250000000000014	28.484652608640083	-29.622779130879195
61.33928571428573	28.380022127265406	-29.566965839019485
61.428571428571445	28.275872794958477	-29.507303354617726
61.51785714285716	28.17220461171931	-29.443791677673914
61.607142857142875	28.0690175775479	-29.376430808188058
61.69642857142859	27.966311692444243	-29.30522074616015
61.785714285714306	27.864086956408343	-29.230161491590195
61.87500000000002	27.7623433694402	-29.15125304447819
61.96428571428574	27.66108093153981	-29.068495404824134
62.05357142857145	27.560299642707182	-28.981888572628034
62.14285714285717	27.459999502942306	-28.89143254788988
62.23214285714288	27.360180512245186	-28.79712733060968
62.3214285714286	27.260842670615823	-28.69897292078743
62.41071428571431	27.16198597805422	-28.59696931842313
62.50000000000003	27.063610434560367	-28.49111652351678
62.589285714285744	26.96571604013427	-28.381414536068384
62.67857142857146	26.868302794775936	-28.26786335607794
62.767857142857174	26.771370698485352	-28.15046298354544
62.85714285714289	26.674919751262525	-28.0292134184709
62.946428571428605	26.578949953107454	-27.904114660854304
63.03571428571432	26.483461304020143	-27.77516671069566
63.125000000000036	26.388453804000587	-27.64236956799497
63.21428571428575	26.293927453048784	-27.50572323275223
63.303571428571466	26.199882251164734	-27.36522770496744
63.39285714285718	26.106318198348447	-27.220882984640603
63.4821428571429	26.013235294599916	-27.072689071771716
63.57142857142861	25.920633539919137	-26.920645966360777
63.66071428571433	25.828512934306115	-26.764753668407792
63.75000000000004	25.736873477760852	-26.60501217791276
63.83928571428576	25.645715170283346	-26.441421494875673
63.92857142857147	25.55503801187359	-26.273981619296542
64.01785714285718	25.4648420025316	-26.102692551175373
64.10714285714289	25.37512714225737	-25.927554290512155
64.1964285714286	25.28589343105089	-25.748566837306893
64.2857142857143	25.19714086891217	-25.56573019155958
64.37500000000001	25.108869455841205	-25.379044353270217
64.46428571428572	25.021079191837995	-25.188509322438808
64.55357142857143	24.933770076902544	-24.99412509906535
64.64285714285714	24.846942111034846	-24.795891683149843
64.73214285714285	24.760595294234907	-24.593809074692288
64.82142857142856	24.67472962650272	-24.387877273692684
64.91071428571426	24.58934510783829	-24.17809628015103
64.99999999999997	24.50444173824162	-23.96446609406733
65.08928571428568	24.420019517712703	-23.746986715441583
65.17857142857139	24.33607844625154	-23.525658144273784
65.2678571428571	24.25261852385814	-23.30048038056394
65.3571428571428	24.16963975053249	-23.071453424312043
65.44642857142851	24.087142126274596	-22.8385772755181
65.53571428571422	24.00512565108446	-22.60185193418211
65.62499999999993	23.92359032496208	-22.361277400304072
65.71428571428564	23.842536147907456	-22.116853673883984
65.80357142857135	23.761963119920587	-21.86858075492185
65.89285714285705	23.681871241001474	-21.616458643417666
65.98214285714276	23.60226051115012	-21.36048733937143
66.07142857142847	23.52313093036652	-21.10066684278315
66.16071428571418	23.444482498650675	-20.836997153652817
66.24999999999989	23.366315216002587	-20.56947827198044
66.3392857142856	23.288629082422254	-20.298110197766015
66.4285714285713	23.211424097909678	-20.022892931009537
66.51785714285701	23.13470026246486	-19.743826471711017
66.60714285714272	23.058457576087797	-19.460910819870442
66.69642857142843	22.98269603877849	-19.17414597548782
66.78571428571414	22.907415650536937	-18.883531938563152
66.87499999999984	22.83261641136314	-18.589068709096438
66.96428571428555	22.7582983212571	-18.29075628708767
67.05357142857126	22.684461380218817	-17.988594672536856
67.14285714285697	22.61079453445187	-17.685072295815363
67.23214285714268	22.53666501580048	-17.385251302169404
67.32142857142838	22.46205434808133	-17.089279501065494
67.41071428571409	22.38696253129443	-16.797156892503637
67.4999999999998	22.31138956543977	-16.508883476483824
67.58928571428551	22.235335450517358	-16.22445925300606
67.67857142857122	22.158800186527184	-15.943884222070343
67.76785714285693	22.081783773469258	-15.667158383676677
67.85714285714263	22.004286211343576	-15.394281737825057
67.94642857142834	21.926307500150138	-15.125254284515488
68.03571428571405	21.84784763988894	-14.860076023747967
68.12499999999976	21.76890663055999	-14.598746955522493
68.21428571428547	21.689484472163283	-14.341267079839069
68.30357142857117	21.60958116469882	-14.087636396697691
68.39285714285688	21.5291967081666	-13.837854906098364
68.48214285714259	21.448331102566627	-13.591922608041084
68.5714285714283	21.366984347898892	-13.349839502525853
68.66071428571401	21.285156444163405	-13.11160558955267
68.74999999999972	21.202847391360162	-12.877220869121537
68.83928571428542	21.120057189489163	-12.64668534123245
68.92857142857113	21.036785838550408	-12.419999005885412
69.01785714285684	20.953033338543896	-12.197161863080424
69.10714285714255	20.86879968946963	-11.978173912817482
69.19642857142826	20.784084891327606	-11.76303515509659
69.28571428571396	20.698888944117826	-11.551745589917747
69.37499999999967	20.61321184784029	-11.34430521728095
69.46428571428538	20.527053602495	-11.140714037186205
69.55357142857109	20.44041420808195	-10.940972049633507
69.6428571428568	20.353293664601146	-10.745079254622855
69.7321428571425	20.265691972052586	-10.553035652154254
69.82142857142821	20.17760913043627	-10.364841242227701
69.91071428571392	20.089045139752198	-10.180496024843196
70.0	20.0	-10.0
70.08928571428571	19.910714285714292	-9.820947422360828
70.17857142857142	19.821428571428584	-9.640932546586143
70.26785714285712	19.732142857142875	-9.459955372675946
70.35714285714283	19.642857142857167	-9.278015900630237
70.44642857142854	19.55357142857146	-9.095114130449018
70.53571428571425	19.46428571428575	-8.911250062132284
70.62499999999996	19.375000000000043	-8.726423695680039
70.71428571428567	19.285714285714334	-8.54063503109228
70.80357142857137	19.196428571428626	-8.353884068369013
70.89285714285708	19.107142857142918	-8.16617080751023
70.98214285714279	19.01785714285721	-7.977495248515938
71.0714285714285	18.9285714285715	-7.787857391386132
71.1607142857142	18.839285714285793	-7.597257236120814
71.24999999999991	18.750000000000085	-7.405694782719984
71.33928571428562	18.660714285714377	-7.213170031183642
71.42857142857133	18.57142857142867	-7.019682981511789
71.51785714285704	18.48214285714296	-6.825233633704422
71.60714285714275	18.392857142857252	-6.629821987761544
71.69642857142846	18.303571428571544	-6.433448043683154
71.78571428571416	18.214285714285836	-6.236111801469251
71.87499999999987	18.125000000000128	-6.037813261119837
71.96428571428558	18.03571428571442	-5.83855242263491
72.05357142857129	17.94642857142871	-5.638329286014471
72.142857142857	17.857142857143003	-5.43714385125852
72.2321428571427	17.767857142857295	-5.234996118367058
72.32142857142841	17.678571428571587	-5.031886087340083
72.41071428571412	17.58928571428588	-4.827813758177595
72.49999999999983	17.50000000000017	-4.6227791308795965
72.58928571428554	17.410714285714462	-4.416782205446085
72.67857142857125	17.321428571428754	-4.209822981877061
72.76785714285695	17.232142857143046	-4.001901460172526
72.85714285714266	17.142857142857338	-3.7930176403324785
72.94642857142837	17.05357142857163	-3.583208474723545
73.03571428571408	16.96428571428592	-3.3737394996572747
73.12499999999979	16.875000000000213	-3.165232822726517
73.2142857142855	16.785714285714505	-2.9576884439312714
73.3035714285712	16.696428571428797	-2.7511063632715382
73.39285714285691	16.60714285714309	-2.545486580747317
73.48214285714262	16.51785714285738	-2.3408290963586076
73.57142857142833	16.428571428571672	-2.13713391010541
73.66071428571404	16.339285714285964	-1.9344010219877252
73.74999999999974	16.250000000000256	-1.7326304320055526
73.83928571428545	16.160714285714548	-1.5318221401588916
73.92857142857116	16.07142857142884	-1.3319761464477429
74.01785714285687	15.982142857143131	-1.1330924508721059
74.10714285714258	15.892857142857423	-0.9351710534319815
74.19642857142829	15.803571428571715	-0.7382119541273693
74.285714285714	15.714285714286007	-0.5422151529582688
74.3749999999997	15.625000000000298	-0.34718064992468056
74.46428571428541	15.53571428571459	-0.15310844502660448
74.55357142857112	15.446428571428882	0.04000146173595964
74.64285714285683	15.357142857143174	0.23214907036301136
74.73214285714253	15.267857142857466	0.42333438085455133
74.82142857142824	15.178571428571757	0.6135573932105791
74.91071428571395	15.08928571428605	0.8028181074310947
74.99999999999966	15.000000000000341	0.9911165235160981
75.08928571428537	14.910714285714633	1.1784526414655896
75.17857142857108	14.821428571428925	1.3648264612795686
75.26785714285678	14.732142857143216	1.5502379829580362
75.35714285714249	14.642857142857508	1.734687206500991
75.4464285714282	14.5535714285718	1.9181741319084342
75.53571428571391	14.464285714286092	2.100698759180365
75.62499999999962	14.375000000000384	2.2822610883167838
75.71428571428532	14.285714285714675	2.46286111931769
75.80357142857103	14.196428571428967	2.642498852183085
75.89285714285674	14.107142857143259	2.8211742869129672
75.98214285714245	14.017857142857551	2.998887423507338
76.07142857142816	13.928571428571843	3.175638261966196
76.16071428571387	13.839285714286135	3.3514268022895424
76.24999999999957	13.750000000000426	3.526253044477376
76.33928571428528	13.660714285714718	3.700116988529698
76.42857142857099	13.57142857142901	3.873018634446508
76.5178571428567	13.482142857143302	4.044957982227806
76.6071428571424	13.392857142857594	4.215935031873592
76.69642857142811	13.303571428571885	4.3859497833838645
76.78571428571382	13.214285714286177	4.555002236758626
76.87499999999953	13.125000000000469	4.723092391997875
76.96428571428524	13.03571428571476	4.890220249101613
77.05357142857095	12.946428571429053	5.056385808069838
77.14285714285666	12.857142857143344	5.221589068902551
77.23214285714236	12.767857142857636	5.385830031599752
77.32142857142807	12.678571428571928	5.549108696161441
77.41071428571378	12.58928571428622	5.711425062587617
77.49999999999949	12.500000000000512	5.872779130878282
77.5892857142852	12.410714285714803	6.033170901033435
77.6785714285709	12.321428571429095	6.192600373053075
77.76785714285661	12.232142857143387	6.3510675469372035
77.85714285714232	12.142857142857679	6.50857242268582
77.94642857142803	12.05357142857197	6.665115000298924
78.03571428571374	11.964285714286262	6.8206952797765155
78.12499999999945	11.875000000000554	6.975313261118595
78.21428571428515	11.785714285714846	7.128968944325163
78.30357142857086	11.696428571429138	7.281662329396219
78.39285714285657	11.60714285714343	7.4333934163317625
78.48214285714228	11.517857142857721	7.584162205131794
78.57142857142799	11.428571428572013	7.733968695796313
78.6607142857137	11.339285714286305	7.88281288832532
78.7499999999994	11.250000000000597	8.030694782718816
78.83928571428511	11.160714285714889	8.177614378976799
78.92857142857082	11.07142857142918	8.32357167709927
79.01785714285653	10.982142857143472	8.468566677086228
79.10714285714224	10.892857142857764	8.612599378937675
79.19642857142794	10.803571428572056	8.75566978265361
79.28571428571365	10.714285714286348	8.897777888234032
79.37499999999936	10.62500000000064	9.038923695678942
79.46428571428507	10.535714285714931	9.179107204988341
79.55357142857078	10.446428571429223	9.318328416162228
79.64285714285649	10.357142857143515	9.456587329200602
79.7321428571422	10.267857142857807	9.593883944103464
79.8214285714279	10.178571428572099	9.730218260870814
79.91071428571361	10.08928571428639	9.865590279502651
80.0	10.0	10.0
80.14084507042253	9.859154929577471	10.210070316622499
80.28169014084506	9.718309859154942	10.41774605522241
80.42253521126759	9.577464788732414	10.623027215799736
80.56338028169012	9.436619718309885	10.825913798354472
80.70422535211264	9.295774647887356	11.02640580288662
80.84507042253517	9.154929577464827	11.22450322939618
80.9859154929577	9.014084507042298	11.420206077883154
81.12676056338023	8.87323943661977	11.613514348347541
81.26760563380276	8.73239436619724	11.80442804078934
81.40845070422529	8.591549295774712	11.99294715520855
81.54929577464782	8.450704225352183	12.179071691605172
81.69014084507035	8.309859154929654	12.362801649979207
81.83098591549287	8.169014084507126	12.544137030330655
81.9718309859154	8.028169014084597	12.723077832659515
82.11267605633793	7.887323943662068	12.899624056965786
82.25352112676046	7.746478873239539	13.07377570324947
82.39436619718299	7.60563380281701	13.245532771510568
82.53521126760552	7.4647887323944815	13.414895261749077
82.67605633802805	7.323943661971953	13.581863173964999
82.81690140845058	7.183098591549424	13.746436508158332
82.9577464788731	7.042253521126895	13.908615264329079
83.09859154929563	6.901408450704366	14.068399442477238
83.23943661971816	6.7605633802818375	14.225789042602809
83.38028169014069	6.619718309859309	14.380784064705791
83.52112676056322	6.47887323943678	14.533384508786188
83.66197183098575	6.338028169014251	14.683590374843995
83.80281690140828	6.197183098591722	14.831401662879216
83.9436619718308	6.056338028169193	14.976818372891849
84.08450704225334	5.915492957746665	15.119840504881893
84.22535211267586	5.774647887324136	15.260468058849352
84.3661971830984	5.633802816901607	15.39870103479422
84.50704225352092	5.492957746479078	15.534539432716503
84.64788732394345	5.352112676056549	15.667983252616196
84.78873239436598	5.211267605634021	15.799032494493304
84.92957746478851	5.070422535211492	15.927687158347823
85.07042253521104	4.929577464788963	16.053947244179753
85.21126760563357	4.788732394366434	16.177812751989098
85.3521126760561	4.647887323943905	16.299283681775854
85.49295774647862	4.5070422535213766	16.418360033540022
85.63380281690115	4.366197183098848	16.5350418072816
85.77464788732368	4.225352112676319	16.649329003000595
85.91549295774621	4.08450704225379	16.761221620697
86.05633802816874	3.9436619718312613	16.87071966037082
86.19718309859127	3.8028169014087325	16.97782312202205
86.3380281690138	3.6619718309862037	17.08253200565069
86.47887323943633	3.521126760563675	17.18484631125675
86.61971830985885	3.380281690141146	17.284766038840214
86.76056338028138	3.2394366197186173	17.382291188401094
86.90140845070391	3.0985915492960885	17.477421759939386
87.04225352112644	2.9577464788735597	17.57015775345509
87.18309859154897	2.816901408451031	17.662014196066654
87.3239436619715	2.676056338028502	17.756164995048717
87.46478873239403	2.5352112676059733	17.852710372053366
87.60563380281656	2.3943661971834445	17.951650327080603
87.74647887323908	2.2535211267609156	18.05298486013043
87.88732394366161	2.112676056338387	18.15671397120284
88.02816901408414	1.971830985915858	18.26283766029784
88.16901408450667	1.8309859154933292	18.37135592741543
88.3098591549292	1.6901408450708004	18.482268772555603
88.45070422535173	1.5492957746482716	18.595576195718365
88.59154929577426	1.4084507042257428	18.711278196903717
88.73239436619679	1.267605633803214	18.829374776111656
88.87323943661931	1.1267605633806852	18.94986593334218
89.01408450704184	0.9859154929581564	19.072751668595295
89.15492957746437	0.8450704225356276	19.198031981870997
89.2957746478869	0.7042253521130988	19.325706873169285
89.43661971830943	0.56338028169057	19.45577634249016
89.57746478873196	0.42253521126804117	19.588240389833626
89.71830985915449	0.28169014084551236	19.72309901519968
89.85915492957702	0.14084507042298355	19.860352218588318
90.0	0.0	20.0
90.14084507042253	-0.14264100393946955	20.14084507042253
90.28169014084506	-0.28887387491282057	20.281690140845058
90.42253521126759	-0.4386986129200531	20.422535211267586
90.56338028169012	-0.5921152179611671	20.563380281690115
90.70422535211264	-0.7491236900361626	20.704225352112644
90.84507042253517	-0.9097240291450396	20.845070422535173
90.9859154929577	-1.073916235287798	20.9859154929577
91.12676056338023	-1.241700308464438	21.12676056338023
91.26760563380276	-1.4130762486749595	21.26760563380276
91.40845070422529	-1.5880440559193623	21.408450704225288
91.54929577464782	-1.7666037301976467	21.549295774647817
91.69014084507035	-1.9487552715098126	21.690140845070346
91.83098591549287	-2.13449867985586	21.830985915492874
91.9718309859154	-2.3238339552357887	21.971830985915403
92.11267605633793	-2.5167610976495993	22.112676056337932
92.25352112676046	-2.713280107097291	22.25352112676046
92.39436619718299	-2.9133909835788643	22.39436619718299
92.53521126760552	-3.117093727094319	22.53521126760552
92.67605633802805	-3.324388337643655	22.676056338028047
92.81690140845058	-3.535274815226873	22.816901408450576
92.9577464788731	-3.74960282736584	22.957746478873105
93.09859154929563	-3.9626115131486177	23.098591549295634
93.23943661971816	-4.172028331897513	23.239436619718163
93.38028169014069	-4.377853283612527	23.38028169014069
93.52112676056322	-4.58008636829366	23.52112676056322
93.66197183098575	-4.778727585940912	23.66197183098575
93.80281690140828	-4.973776936554282	23.802816901408278
93.9436619718308	-5.165234420133769	23.943661971830807
94.08450704225334	-5.353100036679377	24.084507042253335
94.22535211267586	-5.537373786191103	24.225352112675864
94.3661971830984	-5.718055668668946	24.366197183098393
94.50704225352092	-5.895145684112909	24.507042253520922
94.64788732394345	-6.06864383252299	24.64788732394345
94.78873239436598	-6.238550113899189	24.78873239436598
94.92957746478851	-6.404864528241507	24.929577464788508
95.07042253521104	-6.567587075549944	25.070422535211037
95.21126760563357	-6.726717755824499	25.211267605633566
95.3521126760561	-6.882256569065173	25.352112676056095
95.49295774647862	-7.034203515271964	25.492957746478623
95.63380281690115	-7.182558594444875	25.633802816901152
95.77464788732368	-7.327321806583904	25.77464788732368
95.91549295774621	-7.468493151689052	25.91549295774621
96.05633802816874	-7.606072629760318	26.05633802816874
96.19718309859127	-7.740060240797702	26.197183098591267
96.3380281690138	-7.870455984801206	26.338028169013796
96.47887323943633	-7.997259861770827	26.478873239436325
96.61971830985885	-8.120471871706567	26.619718309858854
96.76056338028138	-8.240092014608425	26.760563380281383
96.90140845070391	-8.356120290476403	26.90140845070391
97.04225352112644	-8.468556699310499	27.04225352112644
97.18309859154897	-8.577401241110714	27.18309859154897
97.3239436619715	-8.682653915877045	27.323943661971498
97.46478873239403	-8.784314723609498	27.464788732394027
97.60563380281656	-8.882383664308067	27.605633802816556
97.74647887323908	-8.976860737972755	27.746478873239084
97.88732394366161	-9.067745944603562	27.887323943661613
98.02816901408414	-9.155039284200488	28.028169014084142
98.16901408450667	-9.238740756763532	28.16901408450667
98.3098591549292	-9.318850362292693	28.3098591549292
98.45070422535173	-9.395368100787975	28.45070422535173
98.59154929577426	-9.468293972249374	28.591549295774257
98.73239436619679	-9.537627976676893	28.732394366196786
98.87323943661931	-9.603370114070529	28.873239436619315
99.01408450704184	-9.665520384430284	29.014084507041844
99.15492957746437	-9.724078787756158	29.154929577464372
99.2957746478869	-9.779045324048148	29.2957746478869
99.43661971830943	-9.83041999330626	29.43661971830943
99.57746478873196	-9.878202795530488	29.57746478873196
99.71830985915449	-9.922393730720836	29.718309859154488
99.85915492957702	-9.962992798877302	29.859154929577016
100.0	-10.0	30.0
100.17857142857143	-10.041755962736321	30.180496024842455
100.35714285714286	-10.077738136659569	30.36484124222696
100.53571428571429	-10.107946521769742	30.55303565215351
100.71428571428572	-10.132381118066842	30.745079254622116
100.89285714285715	-10.151041925550869	30.940972049632766
101.07142857142858	-10.163928944221823	31.140714037185464
101.25000000000001	-10.171042174079702	31.344305217280215
101.42857142857144	-10.172381615124507	31.551745589917015
101.60714285714288	-10.16794726735624	31.76303515509586
101.7857142857143	-10.1577391307749	31.978173912816757
101.96428571428574	-10.141757205380484	32.1971618630797
102.14285714285717	-10.120001491172998	32.4199990058847
102.3214285714286	-10.092471988152436	32.64668534123174
102.50000000000003	-10.0591686963188	32.87722086912083
102.67857142857146	-10.020091615672092	33.11160558955198
102.85714285714289	-9.97524074621231	33.349839502525164
103.03571428571432	-9.924616087939453	33.59054621462897
103.21428571428575	-9.868217640853524	33.82802584178357
103.39285714285718	-9.80604540495452	34.06165627639612
103.57142857142861	-9.738099380242446	34.29143751846662
103.75000000000004	-9.664379566717296	34.517369567995075
103.92857142857147	-9.58488596437907	34.73945242498148
104.1071428571429	-9.499618573227774	34.957686089425835
104.28571428571433	-9.408577393263403	35.17207056132814
104.46428571428577	-9.31176242448596	35.3826058406884
104.6428571428572	-9.209173666895442	35.58929192750661
104.82142857142863	-9.100811120491851	35.79212882178277
105.00000000000006	-8.986674785275186	35.99111652351688
105.17857142857149	-8.866764661245448	36.18625503270894
105.35714285714292	-8.741080748402636	36.37754434935895
105.53571428571435	-8.609623046746751	36.564984473466914
105.71428571428578	-8.472391556277792	36.74857540503283
105.89285714285721	-8.32938627699576	36.92831714405669
106.07142857142864	-8.180607208900653	37.10420969053851
106.25000000000007	-8.026054351992475	37.276253044478274
106.4285714285715	-7.865727706271221	37.444447205875996
106.60714285714293	-7.699627271736894	37.60879217473166
106.78571428571436	-7.527753048389494	37.769287951045285
106.9642857142858	-7.350105036229021	37.925934534816854
107.14285714285722	-7.167616396644743	38.07873192604637
107.32142857142865	-6.9888369557563905	38.22768012473385
107.50000000000009	-6.815831303681113	38.37277913087927
107.67857142857152	-6.648599440418908	38.51402894448265
107.85714285714295	-6.487141365969777	38.65142956554397
108.03571428571438	-6.3314570803337205	38.78498099406325
108.21428571428581	-6.181546583510737	38.914683230040474
108.39285714285724	-6.037409875500826	39.04053627347565
108.57142857142867	-5.899046956303989	39.16254012436878
108.7500000000001	-5.766457825920226	39.28069478271986
108.92857142857153	-5.639642484349537	39.395000248528895
109.10714285714296	-5.51860093159192	39.50545652179588
109.28571428571439	-5.403333167647378	39.61206360252081
109.46428571428582	-5.293839192515909	39.7148214907037
109.64285714285725	-5.190119006197514	39.813730186344536
109.82142857142868	-5.0921726086921915	39.90878968944332
110.0	-5.0	40.0
